1 4
19 4
20 4
24 4
47 4
63 4
88 4
117 4
135 4
144 4
148 4
168 4
171 4
185 4
192 4
208 4
221 4
229 4
240 4
247 4
256 4
268 4
270 4
300 4
302 4
341 4
351 4
400 4
410 4
429 4
434 4
451 4
475 4
481 4
483 4
491 4
500 4
576 4
583 4
599 4
608 4
622 4
639 4
671 4
680 4
697 4
707 4
774 4
830 4
845 4
855 4
856 4
857 4
866 4
870 4
875 4
880 4
890 4
927 4
930 4
936 4
938 4
949 4
23 6
62 6
143 6
167 6
170 6
269 6
299 6
301 6
350 6
474 6
480 6
490 6
575 6
679 6
829 6
844 6
855 6
869 6
929 6
473 8
472 10
471 12
