3888.75302018
3936.84274905
3944.72059539
4001.83708018
4022.15174315
4069.3601368
4088.86911018
4129.41552902
4201.95317018
4252.35682423
4330.99576018
4367.6904166
4417.67554133
4436.27046522
4468.05467018
4481.45044692
4498.84299258
4500.9585962
4563.72798329
4583.224978
4618.03112795
4654.13398018
4674.4936447
4677.17328859
4753.20239018
4876.79043511
4881.29735018
4952.33446018
5115.39779018
5167.64199776
5218.40698018
5243.45637018
5344.50405018
5346.46556018
5349.78218785
5369.85430814
5401.52551018
5412.85563867
5433.49759018
5534.54527018
5557.62662018
5558.07912553
5568.4252629
5589.23089239
5635.59295018
5650.10803012
5656.69503018
5764.63554018
5769.77909018
5820.05639845
5848.80189206
5877.71960018
5900.12531033
5925.88020018
5982.90166018
6010.58650144
6040.78293018
6095.98572018
6143.79212018
6175.09469764
6184.59255318
6195.56566098
6214.82923018
6224.04430018
6285.03521967
6315.87691018
6332.7689529
6361.10321018
6397.30278726
6427.41672154
6446.91740018
6455.13564149
6458.15597018
6529.19308018
6627.51090785
6632.99671018
6658.23567018
6716.46814793
6735.40254323
6761.24486018
6789.57454924
6832.26954435
6848.27689018
6949.32457018
7005.1957901
7069.8366432
7077.38315018
7134.40461018
7205.44172018
7259.97812746
7275.95024954
7292.47375018
7478.55306018
7530.55386931
7607.59565018
7616.45070206
7721.63858018
