15584.5724337
2122.11684185
2179.13830185
2269.18525185
2280.18598185
2397.28021185
2409.22857185
2496.34862185
2522.31263185
2609.43268185
2669.38104185
2722.51674185
2756.41307185
2821.58515185
2827.45018185
2892.62226185
2940.53424185
3021.66485185
3071.57473185
3134.74891185
3208.63364185
3235.79659185
3295.66567185
3394.73408185
3398.85992185
3511.94398185
3541.80249185
3611.01239185
3655.84542185
3739.07097185
3802.91383185
3902.13430185
3931.00879185
3988.03025185
4005.14349185
4059.06736185
4118.22755185
4206.13577185
4304.30686185
4353.20418185
4441.36577185
4482.24677185
4540.43418185
4596.28970185
4655.46112185
4752.39081185
4792.52003185
4849.44357185
4955.58336185
5035.52288185
5058.59255185
5186.68751185
5191.62399185
5278.65602185
5289.69670185
5402.78076185
5409.69651185
5539.83967185
5565.79762185
5666.84530185
5725.91898185
5779.92936185
5839.00304185
5882.93855185
5942.01223185
5985.94774185
6085.01615185
6098.11334185
6198.10021185
6201.12253185
6258.14399185
6354.20132185
6361.15318185
6489.21176185
6540.28063185
6618.25435185
6668.37559185
6705.28638185
6739.41270185
6762.30784185
6852.49676185
6859.36060185
6916.38206185
6939.52879185
7015.45047185
7042.53798185
7118.45966185
7189.49677185
7198.63909185
7304.52371185
7327.68168185
7419.55065185
7428.72936185
7516.60341185
7559.76985185
7645.64600185
7672.85391185
7775.86310185
7808.70933185
7911.71852185
7938.92643185
8024.80258185
8067.96902185
8155.84307185
8165.02178185
8256.89075185
8280.04872185
8385.93334185
8395.07566185
8466.11277185
8542.03445185
8569.12196185
8645.04364185
8668.19037185
8725.21183185
8732.07567185
8822.26459185
8845.15973185
8879.28605185
8916.19684185
8966.31808185
9044.29180185
9095.36067185
9223.41925185
9230.37111185
9326.42844185
9383.44990185
9386.47222185
9486.45909185
9499.55628185
9598.62469185
9642.56020185
9701.63388185
9745.56939185
9804.64307185
9858.65345185
9917.72713185
10018.7748118
10044.7327618
10174.8759218
10181.7916718
10294.8757318
10305.9164118
10392.9484418
10397.8849218
10525.9798818
10549.0495518
10628.9890718
10735.1288618
10792.0524018
10832.1816218
10929.1113118
10988.2827318
11044.1382518
11102.3256618
11143.2066618
11231.3682518
11280.2655718
11378.4366618
11466.3448818
11525.5050718
11579.4289418
11596.5421818
11653.5636418
11682.4381318
11781.6586018
11845.5014618
11928.7270118
11973.5600418
12042.7699418
12072.6284518
12185.7125118
12189.8383518
12288.9067618
12348.7758418
12375.9387918
12449.8235218
12512.9977018
12562.9075818
12644.0381918
12691.9501718
12757.1222518
12762.9872818
12828.1593618
12862.0556918
12915.1913918
12975.1397518
13062.2598018
13088.2238118
13175.3438618
13187.2922218
13304.3864518
13315.3871818
13405.4341318
13462.4555918
