2092.57621967
2223.61670967
2354.65719967
2482.75215967
2581.82056967
2737.92167967
2852.94861967
3000.01702967
3087.04905967
3201.09198967
3258.11344967
3355.16620967
3452.21896967
3599.28737967
3714.31431967
3811.36707967
3942.40756967
4070.46614967
4207.52505967
4322.55199967
4435.63605967
4582.70446967
4729.77287967
4842.85693967
5028.93624967
5099.97335967
5231.01384967
5417.09315967
5516.16156967
5619.17075967
5706.20278967
5892.28209967
6020.37705967
6148.47201967
6276.53059967
6423.59900967
6536.68306967
6667.72355967
6764.77631967
6877.86037967
7005.91895967
7134.96154967
7232.01430967
7360.07288967
7457.12564967
7571.16857967
7700.21116967
7815.23810967
7916.28578967
8072.38689967
8203.42738967
8331.52234967
8444.60640967
8630.68571967
8744.72864967
8873.77123967
9001.86619967
9104.87538967
9191.90741967
9292.95509967
9423.99558967
9537.07964967
9674.13855967
9777.14774967
9906.19033967
9963.21179967
10064.2594797
10163.3278897
10260.3806497
10331.4177597
10430.4861697
10545.5131097
10708.5764397
10822.6193697
10935.7034297
11048.7874897
11179.8279797
11293.8709097
11380.9029397
11495.9298797
11626.9703697
11741.9973097
11855.0813697
11968.1654297
12055.1974597
12156.2451397
12303.3135497
12489.3928597
12617.4878197
12730.5718797
12859.6144697
12988.6570597
13151.7203897
