938
125 52
778 265
113 275
487 597
77 47
484 243
6 76
310 677
428 167
754 757
28 71
446 393
393 386
710 555
69 497
607 726
599 115
336 154
866 853
190 188
492 432
170 306
698 182
708 32
102 214
167 123
394 91
116 509
329 209
541 311
628 119
22 31
714 105
852 848
197 535
397 14
442 819
274 268
547 83
3 169
46 17
400 257
448 899
80 9
2 83
46 345
185 307
729 405
379 451
22 232
501 739
31 817
935 448
747 551
130 16
606 445
890 70
916 829
324 80
10 395
876 259
733 11
307 347
348 220
468 199
310 572
211 413
151 320
432 834
768 739
71 96
855 567
208 187
140 367
408 638
62 386
26 61
98 332
41 20
789 239
184 157
25 16
802 76
433 741
617 393
267 690
118 199
368 199
149 193
364 479
342 737
322 921
129 21
359 896
229 481
852 894
144 346
668 210
591 333
17 22
427 631
626 670
93 791
614 621
174 166
303 120
531 844
689 43
545 248
57 102
272 660
192 183
421 586
487 90
850 213
100 132
89 98
164 134
21 118
310 512
811 795
258 271
624 296
843 110
26 450
33 23
50 51
53 30
321 436
93 38
758 304
914 342
279 104
60 261
292 695
495 332
405 154
117 60
704 27
679 777
487 851
653 823
705 54
633 44
464 592
891 375
249 108
178 242
745 323
79 19
245 20
10 239
210 305
271 427
223 904
390 808
410 100
662 667
754 915
171 937
818 251
522 672
805 326
210 835
478 569
3 1
7 99
59 111
68 151
611 290
65 54
889 367
398 426
380 654
144 84
294 576
693 251
39 103
269 494
281 108
868 796
771 742
482 160
52 442
134 88
767 379
637 52
16 341
62 11
183 53
272 930
93 503
443 237
13 85
223 143
169 335
614 33
618 14
816 140
1 578
863 100
85 94
865 758
437 12
175 136
602 216
493 307
85 100
400 713
703 674
590 175
313 294
138 825
364 8
12 3
1 13
187 448
910 649
47 49
545 577
556 187
11 379
467 290
898 645
368 772
766 85
445 765
820 557
29 666
267 158
731 544
423 316
252 453
594 571
114 198
732 547
110 168
11 229
373 87
250 229
803 766
864 855
688 727
115 89
1 202
7 4
15 201
842 203
383 313
156 743
744 887
619 486
231 715
20 18
918 846
140 265
246 174
774 534
813 441
517 728
295 153
192 645
623 359
883 928
524 473
92 593
341 635
815 807
210 539
181 69
153 563
262 396
145 159
629 394
355 538
9 1
923 715
149 411
37 39
822 606
361 627
403 501
895 79
86 29
131 14
528 176
408 395
859 20
384 38
49 107
751 107
448 814
633 847
52 49
19 58
432 906
756 528
777 900
626 56
12 259
70 2
303 658
101 97
128 35
644 505
298 309
115 166
143 48
377 53
226 168
104 358
676 336
357 263
119 571
72 67
314 933
194 10
522 171
464 502
837 148
567 330
469 456
223 551
180 568
318 579
91 742
410 454
2 363
283 29
87 416
27 432
888 750
287 227
496 355
589 183
415 858
11 63
176 136
72 862
534 905
249 407
216 688
70 565
749 316
828 602
162 178
62 761
770 477
434 489
26 50
37 702
579 679
10 7
112 333
903 768
174 723
659 521
53 398
158 114
410 419
845 160
510 234
886 572
234 212
780 560
871 780
410 671
773 123
472 673
298 321
418 692
587 515
220 546
300 106
243 328
135 612
682 303
262 207
65 648
840 290
237 293
114 9
468 663
72 390
290 208
2 5
53 872
265 585
578 724
72 499
719 306
653 215
219 81
136 62
30 474
721 578
399 433
515 640
792 878
853 612
18 9
623 674
681 670
409 142
43 5
91 203
652 484
191 310
38 26
140 452
9 45
782 600
141 171
381 730
146 607
346 776
42 8
98 288
64 68
352 192
881 86
927 426
662 440
614 799
553 13
170 40
75 60
650 754
316 435
206 273
474 783
27 543
175 217
230 355
84 417
738 535
913 521
450 854
138 100
296 1
661 76
45 255
207 388
4 91
330 615
880 552
90 105
208 406
340 223
130 537
325 919
56 632
37 160
240 372
29 26
630 513
559 495
848 734
209 227
215 165
687 333
68 90
470 277
17 78
4 1
596 528
518 397
243 253
763 78
798 154
350 105
362 68
464 331
312 892
91 133
924 584
56 17
32 22
515 210
168 213
6 19
424 65
78 212
153 71
683 300
455 407
1 24
163 66
119 531
791 838
403 31
11 7
15 4
73 570
456 292
464 779
94 870
753 68
135 127
562 574
52 504
81 82
185 84
251 184
332 483
291 792
282 156
36 47
237 297
63 649
112 97
166 402
207 154
542 560
476 349
449 261
873 74
10 37
709 194
243 38
95 87
99 722
74 2
285 616
2 1
846 463
221 98
106 622
575 110
917 488
341 520
301 275
204 186
519 636
564 280
622 650
145 351
268 655
647 314
114 211
34 33
205 71
115 488
317 53
296 875
480 234
1 418
696 797
374 180
922 433
428 706
680 441
573 327
262 603
86 248
56 725
370 300
414 205
486 27
354 201
240 343
349 120
55 40
106 65
184 195
176 516
154 21
3 17
8 26
701 214
48 420
69 68
120 57
508 40
523 488
129 438
409 550
704 877
925 397
452 466
144 146
639 884
497 514
188 604
327 684
79 230
270 44
61 478
156 356
349 566
221 536
446 460
56 344
790 110
461 686
385 608
601 85
438 934
532 496
45 123
527 225
526 296
548 867
707 287
609 480
199 318
150 125
432 839
462 544
764 76
287 491
561 416
485 179
371 156
4 28
41 127
162 48
65 140
21 180
365 457
75 155
172 210
145 422
66 88
456 718
27 3
165 584
322 444
794 795
98 785
601 665
60 182
195 829
490 473
37 40
1 21
266 166
769 674
149 222
273 821
938 406
310 879
14 23
581 115
240 48
365 346
42 165
116 111
269 27
748 553
510 809
225 118
284 286
498 752
675 302
431 519
48 17
354 530
387 109
43 92
21 97
386 832
133 141
35 27
841 154
206 325
253 657
399 7
376 857
257 42
87 477
276 9
196 9
5 122
1 533
392 216
161 46
377 525
114 366
110 52
36 651
26 30
696 333
920 528
583 373
447 266
291 184
97 254
684 929
206 83
338 93
85 157
331 605
44 1
121 106
153 302
936 487
323 76
810 304
260 258
59 459
465 272
369 8
77 421
382 664
285 201
147 49
218 31
754 824
463 423
445 21
784 98
57 49
329 439
75 562
521 226
103 331
517 303
234 380
374 669
56 67
425 787
931 498
156 55
96 187
860 847
204 678
152 8
203 401
932 653
16 1
67 89
188 314
298 806
472 639
260 646
57 84
760 466
228 163
626 800
190 801
157 337
555 148
66 334
515 558
685 564
162 238
186 30
44 124
824 830
595 68
339 110
610 275
202 315
104 893
469 912
63 66
473 167
497 542
434 33
513 411
132 197
712 681
516 926
113 382
869 129
740 98
209 5
1 6
717 667
123 430
227 827
734 202
36 5
620 567
656 647
540 128
251 794
720 441
33 81
441 96
670 700
188 30
625 414
511 360
716 136
289 215
516 634
247 101
216 74
316 276
444 643
553 885
214 580
641 605
46 149
91 233
309 694
413 786
508 552
446 475
812 84
301 404
220 63
51 272
132 256
69 298
359 80
440 95
582 482
831 71
833 58
834 883
312 48
385 137
8 1
244 117
700 781
472 42
746 63
742 897
697 59
331 736
642 544
252 144
139 172
204 431
534 59
22 342
290 326
589 775
271 506
145 132
62 322
177 37
101 173
907 365
87 191
235 90
208 549
47 258
378 215
804 141
79 87
59 2
505 148
908 285
68 264
113 360
263 99
783 836
235 292
471 64
142 4
755 523
788 199
376 345
164 224
361 735
179 117
861 399
157 299
113 27
600 64
902 551
108 44
200 180
44 64
381 236
270 304
78 139
389 254
17 361
415 265
98 119
793 296
104 691
204 458
39 60
507 140
392 826
66 461
32 104
425 13
659 711
429 856
14 12
